 0 300
 0.0010101 294.283
 0.0020202 288.57
 0.0030303 282.866
 0.0040404 277.176
 0.00505051 271.503
 0.00606061 265.852
 0.00707071 260.228
 0.00808081 254.635
 0.00909091 249.077
 0.010101 243.558
 0.0111111 238.083
 0.0121212 232.655
 0.0131313 227.278
 0.0141414 221.957
 0.0151515 216.695
 0.0161616 211.495
 0.0171717 206.362
 0.0181818 201.298
 0.0191919 196.307
 0.020202 191.393
 0.0212121 186.558
 0.0222222 181.806
 0.0232323 177.139
 0.0242424 172.56
 0.0252525 168.071
 0.0262626 163.675
 0.0272727 159.374
 0.0282828 155.171
 0.0292929 151.067
 0.030303 147.065
 0.0313131 143.165
 0.0323232 139.37
 0.0333333 135.681
 0.0343434 132.099
 0.0353535 128.626
 0.0363636 125.262
 0.0373737 122.008
 0.0383838 118.865
 0.0393939 115.834
 0.040404 112.914
 0.0414141 110.107
 0.0424242 107.412
 0.0434343 104.83
 0.0444444 102.36
 0.0454545 100.002
 0.0464646 97.7563
 0.0474747 95.6219
 0.0484848 93.5983
 0.0494949 91.685
 0.0505051 89.8811
 0.0515152 88.1858
 0.0525253 86.5982
 0.0535354 85.117
 0.0545455 83.7413
 0.0555556 82.4697
 0.0565657 81.3009
 0.0575758 80.2335
 0.0585859 79.266
 0.059596 78.3968
 0.0606061 77.6244
 0.0616162 76.9469
 0.0626263 76.3626
 0.0636364 75.8698
 0.0646465 75.4664
 0.0656566 75.1505
 0.0666667 74.9201
 0.0676768 74.7732
 0.0686869 74.7077
 0.069697 74.7214
 0.0707071 74.8122
 0.0717172 74.9777
 0.0727273 75.2157
 0.0737374 75.5239
 0.0747475 75.9
 0.0757576 76.3416
 0.0767677 76.8462
 0.0777778 77.4115
 0.0787879 78.035
 0.079798 78.7142
 0.0808081 79.4465
 0.0818182 80.2295
 0.0828283 81.0606
 0.0838384 81.9372
 0.0848485 82.8568
 0.0858586 83.8167
 0.0868687 84.8143
 0.0878788 85.8469
 0.0888889 86.912
 0.089899 88.0068
 0.0909091 89.1287
 0.0919192 90.2751
 0.0929293 91.4431
 0.0939394 92.6302
 0.0949495 93.8335
 0.0959596 95.0505
 0.0969697 96.2783
 0.0979798 97.5143
 0.0989899 98.7558
 0.1 100
